QnA Metrics
{'testlen': 914740, 'reflen': 967486, 'guess': [914740, 859151, 804835, 753635], 'correct': [508367, 369950, 314765, 277803]}
ratio: 0.9454813816427308
############################
F1: 0.7095818893165093
bleu_1: 0.5246108492575421
bleu_2: 0.4617790153281088
bleu_3: 0.42858324123956837
bleu_4: 0.4068269862306676
rouge_l: 0.506360242531441
############################
NLGEN Metrics
{'testlen': 254195, 'reflen': 189467, 'guess': [254195, 237718, 221328, 206113], 'correct': [91815, 61265, 49684, 42442]}
ratio: 1.341632052019606
############################
F1: 1.0
bleu_1: 0.3611990794468799
bleu_2: 0.3051044222547904
bleu_3: 0.2754391901675132
bleu_4: 0.2561190685533825
rouge_l: 0.32038241650012306
############################
