QnA Metrics
{'testlen': 1057677, 'reflen': 968131, 'guess': [1057677, 1002088, 946499, 890910], 'correct': [512772, 335781, 269652, 228147]}
ratio: 1.0924936811237311
############################
F1: 0.7095818893165093
bleu_1: 0.48480963469943994
bleu_2: 0.40305169266039254
bleu_3: 0.3590335183873602
bleu_4: 0.329948743204191
rouge_l: 0.4648895539364623
############################
NLGEN Metrics
{'testlen': 305691, 'reflen': 190911, 'guess': [305691, 289214, 272737, 256260], 'correct': [130585, 91070, 71391, 57691]}
ratio: 1.6012225592029712
############################
F1: 1.0
bleu_1: 0.4271797337834597
bleu_2: 0.3667611557644528
bleu_3: 0.3277595518740578
bleu_4: 0.2983824868007406
rouge_l: 0.46556213083905584
############################
