QnA Metrics
{'testlen': 929063, 'reflen': 967256, 'guess': [929063, 873474, 817887, 762300], 'correct': [507935, 349093, 286022, 245409]}
ratio: 0.9605140727997541
############################
F1: 0.7095818893165093
bleu_1: 0.5246981021826327
bleu_2: 0.44861478756862694
bleu_3: 0.4072551710794265
bleu_4: 0.38008237106474807
rouge_l: 0.49798475671590997
############################
NLGEN Metrics
{'testlen': 271312, 'reflen': 190288, 'guess': [271312, 254835, 238358, 221881], 'correct': [129110, 94271, 75763, 62318]}
ratio: 1.425796687126874
############################
F1: 1.0
bleu_1: 0.47587279589549863
bleu_2: 0.41957051264336237
bleu_3: 0.38248327480086297
bleu_4: 0.3540647447187441
rouge_l: 0.4945560525214797
############################
