QnA Metrics
{'testlen': 924960, 'reflen': 967271, 'guess': [924960, 869371, 813783, 758195], 'correct': [503601, 344914, 282076, 241679]}
ratio: 0.9562573467001482
############################
F1: 0.7095818893165093
bleu_1: 0.5201126765605567
bleu_2: 0.44398516556945405
bleu_3: 0.402633045973649
bleu_4: 0.3754741250965448
rouge_l: 0.4941052761507966
############################
NLGEN Metrics
{'testlen': 269105, 'reflen': 190182, 'guess': [269105, 252628, 236151, 219674], 'correct': [127754, 92826, 74364, 61021]}
ratio: 1.4149866969534373
############################
F1: 1.0
bleu_1: 0.47473662696716723
bleu_2: 0.4176576554479643
bleu_3: 0.38013507921503537
bleu_4: 0.35146220308721493
rouge_l: 0.49148766390675774
############################
