QnA Metrics
{'testlen': 929980, 'reflen': 967632, 'guess': [929980, 874391, 822057, 774368], 'correct': [495717, 367465, 314688, 279068]}
ratio: 0.9610885129884078
############################
F1: 0.7095818893165093
bleu_1: 0.5118903825963689
bleu_2: 0.45451897512729034
bleu_3: 0.4234801107879096
bleu_4: 0.4026425015206882
rouge_l: 0.47123886811127536
############################
NLGEN Metrics
{'testlen': 249280, 'reflen': 189442, 'guess': [249280, 232803, 217522, 203977], 'correct': [87022, 59641, 48722, 42037]}
ratio: 1.3158644862279678
############################
F1: 1.0
bleu_1: 0.34909338896020403
bleu_2: 0.2990535651765521
bleu_3: 0.2715855314149274
bleu_4: 0.2534793592931394
rouge_l: 0.2842949109874374
############################
