############################
F1: 1.0
Semantic_Similarity: 0.5806454811131975
bleu_1: 0.3728693805535804
bleu_2: 0.3188431335286804
bleu_3: 0.289745425256312
bleu_4: 0.27058864077546546
rouge_l: 0.3292908580333097
############################
