QnA Metrics
{'testlen': 782606, 'reflen': 966884, 'guess': [782606, 727022, 675572, 630101], 'correct': [417640, 287941, 238423, 206072]}
ratio: 0.8094104359985264
############################
F1: 0.7095905275588038
bleu_1: 0.4216934277580051
bleu_2: 0.3632832325068172
bleu_3: 0.3326353319413915
bleu_4: 0.3122935157564548
rouge_l: 0.41307171759130434
############################
NLGEN Metrics
{'testlen': 219237, 'reflen': 188740, 'guess': [219237, 202763, 187615, 174524], 'correct': [77744, 50147, 39967, 33935]}
ratio: 1.1615820705732693
############################
F1: 0.9999089557221328
bleu_1: 0.3546116759488574
bleu_2: 0.2961451604302479
bleu_3: 0.26534714803251025
bleu_4: 0.24550423712154634
rouge_l: 0.26639810489569116
############################
