ratio: 0.9237605388444609
############################
F1: 0.7095818893165093
bleu_1: 0.467682089047649
bleu_2: 0.3864004053417843
bleu_3: 0.3438128116113499
bleu_4: 0.31647573791427036
rouge_l: 0.44865930463064524
############################
NLGEN Metrics
{'testlen': 263439, 'reflen': 189714, 'guess': [263439, 246962, 230486, 214011], 'correct': [118745, 82497, 64652, 52101]}
ratio: 1.3886112780290258
############################
F1: 1.0
bleu_1: 0.4507495093740849
bleu_2: 0.38803566344782275
bleu_3: 0.34825195734331693
bleu_4: 0.31843637047597206
rouge_l: 0.46236019649721843
############################
