QnA Metrics
{'testlen': 911033, 'reflen': 967439, 'guess': [911033, 855444, 799855, 744266], 'correct': [484060, 320669, 258210, 218709]}
ratio: 0.9416955487632802
############################
F1: 0.7095818893165093
bleu_1: 0.4994316200958255
bleu_2: 0.4194944191880364
bleu_3: 0.3765665203244767
bleu_4: 0.34849265930620327
rouge_l: 0.4744001961456022
############################
NLGEN Metrics
{'testlen': 266411, 'reflen': 189862, 'guess': [266411, 249934, 233457, 216980], 'correct': [124633, 88504, 69993, 56745]}
ratio: 1.4031823113629827
############################
F1: 1.0
bleu_1: 0.4678222746057766
bleu_2: 0.40701388758527074
bleu_3: 0.3675829746320446
bleu_4: 0.3375930636482411
rouge_l: 0.48071544665773575
############################
