QnA Metrics
{'testlen': 900590, 'reflen': 967020, 'guess': [900590, 845001, 789413, 733825], 'correct': [491011, 331163, 268223, 228195]}
ratio: 0.9313044197638095
############################
F1: 0.7095818893165093
bleu_1: 0.5064415666787117
bleu_2: 0.42937779914091706
bleu_3: 0.3875062561047465
bleu_4: 0.36006321471100305
rouge_l: 0.4852659342394514
############################
NLGEN Metrics
{'testlen': 261892, 'reflen': 189703, 'guess': [261892, 245415, 228938, 212461], 'correct': [123508, 87908, 69517, 56439]}
ratio: 1.3805369445923292
############################
F1: 1.0
bleu_1: 0.4715989797321015
bleu_2: 0.411007811785485
bleu_3: 0.3715561293617032
bleu_4: 0.34165937709461347
rouge_l: 0.48284734448681876
############################
