QnA Metrics
{'testlen': 880069, 'reflen': 966925, 'guess': [880069, 824480, 768891, 713302], 'correct': [487983, 330637, 269792, 230989]}
ratio: 0.9101729710163653
############################
F1: 0.7095818893165093
bleu_1: 0.5023732016387402
bleu_2: 0.42723629802924634
bleu_3: 0.38715038073963326
bleu_4: 0.36122171989756563
rouge_l: 0.49018681646400336
############################
NLGEN Metrics
{'testlen': 258124, 'reflen': 189769, 'guess': [258124, 241647, 225170, 208693], 'correct': [126217, 91651, 73527, 60389]}
ratio: 1.3602010865842085
############################
F1: 1.0
bleu_1: 0.4889781655328428
bleu_2: 0.4306481971874264
bleu_3: 0.3926996629843611
bleu_4: 0.36383785730501633
rouge_l: 0.495987197085538
############################
