QnA Metrics
{'testlen': 912785, 'reflen': 967107, 'guess': [912785, 857196, 801607, 746019], 'correct': [499622, 340188, 278265, 238703]}
ratio: 0.9438304138011606
############################
F1: 0.7095818893165093
bleu_1: 0.515735663691788
bleu_2: 0.4391471433538869
bleu_3: 0.3980678510755211
bleu_4: 0.37134993463013277
rouge_l: 0.4954228062539386
############################
NLGEN Metrics
{'testlen': 268053, 'reflen': 190115, 'guess': [268053, 251576, 235099, 218622], 'correct': [127355, 92296, 74299, 61291]}
ratio: 1.4099518712358237
############################
F1: 1.0
bleu_1: 0.4751112653094706
bleu_2: 0.4174980967506179
bleu_3: 0.38049334244096034
bleu_4: 0.35252182332755966
rouge_l: 0.49325226891236
############################
