QnA Metrics
{'testlen': 819630, 'reflen': 966665, 'guess': [819630, 764041, 708452, 652863], 'correct': [359437, 185766, 132371, 102941]}
ratio: 0.8478945653354566
############################
F1: 0.7095818893165093
bleu_1: 0.36651859536428305
bleu_2: 0.27290929582307605
bleu_3: 0.22657051152680274
bleu_4: 0.19786404814925726
rouge_l: 0.37044310042938466
############################
NLGEN Metrics
{'testlen': 246193, 'reflen': 188736, 'guess': [246193, 229716, 213239, 196762], 'correct': [100788, 61703, 44502, 33106]}
ratio: 1.3044305272973822
############################
F1: 1.0
bleu_1: 0.4093861320183742
bleu_2: 0.3316072985879602
bleu_3: 0.28417575195894945
bleu_4: 0.24927666974066243
rouge_l: 0.41152267335502274
############################
