QnA Metrics
{'testlen': 790488, 'reflen': 966637, 'guess': [790488, 734899, 679310, 623721], 'correct': [391768, 229033, 173576, 141108]}
ratio: 0.8177713040158809
############################
F1: 0.7095818893165093
bleu_1: 0.39660422270445506
bleu_2: 0.3145036554376409
bleu_3: 0.27245758724692487
bleu_4: 0.24599167588136722
rouge_l: 0.415070970054493
############################
NLGEN Metrics
{'testlen': 235465, 'reflen': 188733, 'guess': [235465, 218988, 202511, 186034], 'correct': [105556, 67726, 50045, 38365]}
ratio: 1.2476090561798878
############################
F1: 1.0
bleu_1: 0.4482874312530506
bleu_2: 0.3723452653460047
bleu_3: 0.3247889528392516
bleu_4: 0.28992566125282837
rouge_l: 0.4327955219090266
############################
