QnA Metrics
{'testlen': 788281, 'reflen': 966374, 'guess': [788281, 732692, 677103, 621514], 'correct': [399413, 237438, 181636, 148703]}
ratio: 0.8157100667029527
############################
F1: 0.7095818893165093
bleu_1: 0.4042246722065516
bleu_2: 0.3232709182309882
bleu_3: 0.2817435927778502
bleu_4: 0.2556101881332778
rouge_l: 0.42560895696796897
############################
NLGEN Metrics
{'testlen': 234040, 'reflen': 188977, 'guess': [234040, 217563, 201086, 184609], 'correct': [107392, 70186, 52688, 40933]}
ratio: 1.2384575900770929
############################
F1: 1.0
bleu_1: 0.4588617330370857
bleu_2: 0.3847455869803669
bleu_3: 0.3385002996790411
bleu_4: 0.3045260641937245
rouge_l: 0.4410911494180321
############################