QnA Metrics
{'testlen': 856790, 'reflen': 966910, 'guess': [856790, 801201, 745612, 690023], 'correct': [468904, 309547, 248618, 210326]}
ratio: 0.8861114271235162
############################
F1: 0.7095818893165093
bleu_1: 0.48127279206283713
bleu_2: 0.4043701548666868
bleu_3: 0.36328980462052834
bleu_4: 0.3366996746938749
rouge_l: 0.47752257294960415
############################
NLGEN Metrics
{'testlen': 254057, 'reflen': 189588, 'guess': [254057, 237580, 221103, 204626], 'correct': [123326, 88369, 70373, 57456]}
ratio: 1.340047893326575
############################
F1: 1.0
bleu_1: 0.48542649877783145
bleu_2: 0.4249196071912252
bleu_3: 0.38590018869163645
bleu_4: 0.3564100046392226
rouge_l: 0.48779434098129615
############################
