QnA Metrics
{'testlen': 862016, 'reflen': 966789, 'guess': [862016, 806427, 753836, 705536], 'correct': [502689, 362055, 305938, 269255]}
ratio: 0.8916278526131338
############################
F1: 0.7095818893165093
bleu_1: 0.5164141128791021
bleu_2: 0.4531174834285154
bleu_3: 0.419434431298991
bleu_4: 0.39738614431041325
rouge_l: 0.5222007537539598
############################
NLGEN Metrics
{'testlen': 232078, 'reflen': 189702, 'guess': [232078, 215601, 200370, 187152], 'correct': [86230, 58745, 47661, 40907]}
ratio: 1.2233819358783713
############################
F1: 1.0
bleu_1: 0.3715561147545206
bleu_2: 0.31817955866759956
bleu_3: 0.28877416323765465
bleu_4: 0.26935158787314983
rouge_l: 0.29941173565581475
############################
