QnA Metrics
{'testlen': 948826, 'reflen': 967427, 'guess': [948826, 893237, 837648, 782059], 'correct': [511934, 351624, 289726, 250067]}
ratio: 0.980772709465416
############################
F1: 0.7095818893165093
bleu_1: 0.5290703087739297
bleu_2: 0.45191379016004474
bleu_3: 0.4106839196943871
bleu_4: 0.3838897251789854
rouge_l: 0.4943559927428197
############################
NLGEN Metrics
{'testlen': 276184, 'reflen': 190343, 'guess': [276184, 259707, 243230, 226753], 'correct': [129672, 94580, 76490, 63370]}
ratio: 1.4509805981832722
############################
F1: 1.0
bleu_1: 0.46951307823769495
bleu_2: 0.4135058652741939
bleu_3: 0.3774420564542898
bleu_4: 0.35012279254527867
rouge_l: 0.49514675320493345
############################
