QnA Metrics
{'testlen': 960177, 'reflen': 967381, 'guess': [960177, 904619, 851583, 801630], 'correct': [512333, 371208, 315517, 278668]}
ratio: 0.992553089217174
############################
F1: 0.7094805128467079
bleu_1: 0.5295934609651745
bleu_2: 0.46442748057830785
bleu_3: 0.42965947562167395
bleu_4: 0.4067307204000306
rouge_l: 0.49091695225098464
############################
NLGEN Metrics
{'testlen': 255552, 'reflen': 189881, 'guess': [255552, 239082, 223591, 209571], 'correct': [86516, 58812, 48142, 41572]}
ratio: 1.3458534555853332
############################
F1: 0.9997875375603241
bleu_1: 0.3385455797645867
bleu_2: 0.28858124855994144
bleu_3: 0.2617391426204665
bleu_4: 0.2442130906123098
rouge_l: 0.28418009618271894
############################
