QnA Metrics
{'testlen': 947261, 'reflen': 967088, 'guess': [947261, 891672, 838886, 786228], 'correct': [546658, 405733, 348439, 309598]}
ratio: 0.9794982462816196
############################
F1: 0.7095818893165093
bleu_1: 0.5651397929117441
bleu_2: 0.5018228864303322
bleu_3: 0.467891180632948
bleu_4: 0.44580867351219333
rouge_l: 0.5404738447798941
############################
NLGEN Metrics
{'testlen': 245654, 'reflen': 189963, 'guess': [245654, 229177, 213979, 198837], 'correct': [92661, 63986, 52758, 45327]}
ratio: 1.293167616851696
############################
F1: 1.0
bleu_1: 0.3772012668224398
bleu_2: 0.32452154663961497
bleu_3: 0.29612023229713635
bleu_4: 0.2773741628782678
rouge_l: 0.3254350296992192
############################
