QnA Metrics
{'testlen': 858339, 'reflen': 966846, 'guess': [858339, 802750, 747161, 691572], 'correct': [466650, 308385, 248105, 209964]}
ratio: 0.8877721995022982
############################
F1: 0.7095818893165093
bleu_1: 0.47910538176535616
bleu_2: 0.4027367886929408
bleu_3: 0.36206581109773683
bleu_4: 0.3356928981174441
rouge_l: 0.4748697049968997
############################
NLGEN Metrics
{'testlen': 248235, 'reflen': 189101, 'guess': [248235, 231758, 215281, 198804], 'correct': [119398, 84047, 66184, 53430]}
ratio: 1.3127111966620943
############################
F1: 1.0
bleu_1: 0.48098777368219436
bleu_2: 0.4176483398845626
bleu_3: 0.37709977740438655
bleu_4: 0.3464832313331256
rouge_l: 0.47751327284016826
############################
