QnA Metrics


{'testlen': 940631, 'reflen': 967313, 'guess': [940631, 885042, 829453, 773864], 'correct': [497842, 336551, 274621, 235237]}
ratio: 0.9724163740175094
############################
F1: 0.7095818893165093
bleu_1: 0.5144616659065746
bleu_2: 0.4360742066853085
bleu_3: 0.3940770817468348
bleu_4: 0.36670457187264444
rouge_l: 0.48179594935707454
############################
NLGEN Metrics
{'testlen': 271080, 'reflen': 189957, 'guess': [271080, 254603, 238126, 221649], 'correct': [124962, 89205, 70866, 57761]}
ratio: 1.427059808272391
############################
F1: 1.0
bleu_1: 0.46097830898627545
bleu_2: 0.40188619265210274
bleu_3: 0.3635904141695941
bleu_4: 0.3345426944122978
rouge_l: 0.48253820698949074
############################
