QnA Metrics
{'testlen': 852800, 'reflen': 966553, 'guess': [852800, 797211, 745760, 698808], 'correct': [484825, 341417, 285243, 248757]}
ratio: 0.882310644113669
############################
F1: 0.7095818893165093
bleu_1: 0.4975174157346562
bleu_2: 0.43181259982465925
bleu_3: 0.39666663140218555
bleu_4: 0.3734145447684921
rouge_l: 0.5138660073154614
############################
NLGEN Metrics
{'testlen': 228203, 'reflen': 189062, 'guess': [228203, 211726, 196657, 183790], 'correct': [77489, 50903, 40839, 34921]}
ratio: 1.207027324369777
############################
F1: 1.0
bleu_1: 0.33956170602489744
bleu_2: 0.28572217426597796
bleu_3: 0.2568923632835937
bleu_4: 0.23823446699862302
rouge_l: 0.26608916364001295
############################
