QnA Metrics
{'testlen': 981444, 'reflen': 967735, 'guess': [981444, 926262, 873147, 822923], 'correct': [531741, 391475, 334224, 295853]}
ratio: 1.0141660681901543
############################
F1: 0.7083969857632515
bleu_1: 0.5417945394744881
bleu_2: 0.4785225457157445
bleu_3: 0.4442066185490317
bleu_4: 0.42132571167787625
rouge_l: 0.5056267249648385
############################
NLGEN Metrics
{'testlen': 257939, 'reflen': 189900, 'guess': [257939, 241552, 226015, 211956], 'correct': [89469, 62076, 51128, 44343]}
ratio: 1.3582885729331156
############################
F1: 0.997261441090555
bleu_1: 0.3468610795575685
bleu_2: 0.2985618609807953
bleu_3: 0.2721845062347528
bleu_4: 0.2548545485403109
rouge_l: 0.29343446207868457
############################
