QnA Metrics
{'testlen': 849573, 'reflen': 966526, 'guess': [849573, 793984, 741228, 692224], 'correct': [494704, 354386, 298648, 262057]}
ratio: 0.8789965298398585
############################
F1: 0.7095818893165093
bleu_1: 0.5074103745745621
bleu_2: 0.444241764567541
bleu_3: 0.4107274503472153
bleu_4: 0.3888268353479582
rouge_l: 0.51842481665434
############################
NLGEN Metrics
{'testlen': 233714, 'reflen': 190029, 'guess': [233714, 217237, 201953, 188332], 'correct': [89735, 60886, 49125, 41830]}
ratio: 1.2298859647737912
############################
F1: 1.0
bleu_1: 0.38395218087063515
bleu_2: 0.32804271130564694
bleu_3: 0.2969187885655047
bleu_4: 0.2761335628644112
rouge_l: 0.3175706703986981
############################
