QnA Metrics
{'testlen': 775580, 'reflen': 966391, 'guess': [775580, 719991, 664402, 608813], 'correct': [407563, 250275, 193605, 159369]}
ratio: 0.802553003908355
############################
F1: 0.7095818893165093
bleu_1: 0.4108860984489985
bleu_2: 0.3341816312622258
bleu_3: 0.29412686598173166
bleu_4: 0.26863916497393286
rouge_l: 0.4339947235728949
############################
NLGEN Metrics
{'testlen': 229910, 'reflen': 188685, 'guess': [229910, 213433, 196956, 180479], 'correct': [106372, 69349, 51811, 40179]}
ratio: 1.2184858361819901
############################
F1: 1.0
bleu_1: 0.4626680005219414
bleu_2: 0.3877252179823093
bleu_3: 0.3406959353239066
bleu_4: 0.30631504351834743
rouge_l: 0.43941356310975876
############################
