QnA Metrics
{'testlen': 866686, 'reflen': 967043, 'guess': [866686, 811097, 755509, 699921], 'correct': [486856, 330023, 268262, 228724]}
ratio: 0.8962228153246536
############################
F1: 0.7095818893165093
bleu_1: 0.5003225409292684
bleu_2: 0.42581053604368496
bleu_3: 0.3856155590886729
bleu_4: 0.3594259431424849
rouge_l: 0.49460678040346406
############################
NLGEN Metrics
{'testlen': 253321, 'reflen': 189435, 'guess': [253321, 236844, 220367, 203890], 'correct': [125972, 91626, 73441, 60250]}
ratio: 1.3372449652915177
############################
F1: 1.0
bleu_1: 0.49728210452350774
bleu_2: 0.4386110669942595
bleu_3: 0.4002368432314914
bleu_4: 0.3710035623659604
rouge_l: 0.49811875978591735
############################
