QnA Metrics
{'testlen': 1012036, 'reflen': 967992, 'guess': [1012036, 956447, 900858, 845269], 'correct': [505681, 334332, 268421, 226809]}
ratio: 1.0455003760361645
############################
F1: 0.7095818893165093
bleu_1: 0.49966700789299934
bleu_2: 0.41792548571314736
bleu_3: 0.37335269224401785
bleu_4: 0.34376036441451535
rouge_l: 0.4678826883435622
############################
NLGEN Metrics
{'testlen': 295247, 'reflen': 190933, 'guess': [295247, 278770, 262293, 245816], 'correct': [129394, 90276, 70553, 56832]}
ratio: 1.5463382443055862
############################
F1: 1.0
bleu_1: 0.43825678160997256
bleu_2: 0.3767276174260937
bleu_3: 0.3367140467029508
bleu_4: 0.30650786553459175
rouge_l: 0.4634347824305197
############################
