QnA Metrics
{'testlen': 1194749, 'reflen': 968701, 'guess': [1194749, 1139160, 1083571, 1027982], 'correct': [506008, 318919, 253689, 214045]}
ratio: 1.2333516740459634
############################
F1: 0.7095818893165093
bleu_1: 0.42352661521373913
bleu_2: 0.34434056447859734
bleu_3: 0.3027890828191458
bleu_4: 0.2757306557164633
rouge_l: 0.4317800520437497
############################
NLGEN Metrics
{'testlen': 345438, 'reflen': 191521, 'guess': [345438, 328961, 312484, 296007], 'correct': [125775, 83209, 64070, 51229]}
ratio: 1.8036559959482157
############################
F1: 1.0
bleu_1: 0.36410296493147726
bleu_2: 0.30347649007957184
bleu_3: 0.2662925488496484
bleu_4: 0.2390962337745859
rouge_l: 0.4265678530621851
############################
