{'guess': [940517, 884928, 830550, 778444], 'reflen': 967364, 'testlen': 940517, 'correct': [488252, 341296, 285690, 250589]}
ratio: 0.9722472616305744
############################
F1: 0.7095818893165093
Semantic_Similarity: 0.834026308336008
bleu_1: 0.5045224217636485
bleu_2: 0.434863955615771
bleu_3: 0.39836366905490933
bleu_4: 0.3750111860554772
rouge_l: 0.46742385144052184
############################
