{'testlen': 954933, 'reflen': 967285, 'guess': [954933, 899344, 846296, 797265], 'correct': [525985, 382702, 324772, 286344]}
ratio: 0.9872302372103351
############################
F1: 0.7095818893165093
Semantic_Similarity: 0.8510187857991149
bleu_1: 0.5437294857638839
bleu_2: 0.4779143833481699
bleu_3: 0.44229596140118055
bleu_4: 0.418505995789072
rouge_l: 0.5163944458720313
############################
