{'reflen': 966821, 'guess': [858014, 802426, 752113, 706574], 'correct': [496921, 363661, 310470, 275054], 'testlen': 858014}
ratio: 0.8874590022351594
############################
F1: 0.7095818893165093
Semantic_Similarity: 0.8408350997490237
bleu_1: 0.5101747459964202
bleu_2: 0.45130312109757503
bleu_3: 0.41995207709053506
bleu_4: 0.3992053689397345
rouge_l: 0.5101070933402941
############################
