{'guess': [836734, 781145, 729101, 683773], 'testlen': 836734, 'reflen': 966827, 'correct': [442400, 317798, 271038, 241078]}
ratio: 0.8654433523267339
############################
F1: 0.7095818893165093
Semantic_Similarity: 0.7964981049918205
bleu_1: 0.4525898839379318
bleu_2: 0.3970093572860988
bleu_3: 0.3687853884197081
bleu_4: 0.3507607357833415
rouge_l: 0.44062970373500543
############################
