{'testlen': 947492, 'guess': [947492, 891903, 836314, 780725], 'reflen': 967511,
 'correct': [499326, 336959, 274073, 234093]}
ratio: 0.9793087623809952
############################
F1: 0.7095818893165093
bleu_1: 0.5159797723303227
bleu_2: 0.4368758923582202
bleu_3: 0.39416588333673697
bleu_4: 0.3661743092015957
rouge_l: 0.48378498581389356
############################
