{'correct': [496258, 333627, 271059, 231308], 'guess': [947896, 892307, 836718, 781130], 'reflen': 967458, 'testlen': 947896}
ratio: 0.9797800007855627
############################
F1: 0.7095818893165093
Semantic_Similarity: 0.8538302098884228
bleu_1: 0.5128426920976749
bleu_2: 0.43339530401228976
bleu_3: 0.3906281059032873
bleu_4: 0.36261752141968356
rouge_l: 0.4814523824345495
############################
