{'guess': [954886, 899297, 843710, 788132], 'reflen': 967601, 'testlen': 954886, 'correct': [506171, 346366, 283291, 242620]}
ratio: 0.9868592529358682
############################
F1: 0.7095818893165093
Semantic_Similarity: 0.8515028182423706
bleu_1: 0.5230735831713889
bleu_2: 0.44586766251956517
bleu_3: 0.40385258010714914
bleu_4: 0.37609998760607316
rouge_l: 0.4841204207599633
############################
