{'reflen': 967496, 'guess': [954898, 899309, 843722, 788135], 'correct': [497329, 333263, 270270, 230427], 'testlen': 954898}
ratio: 0.9869787575349138
############################
F1: 0.7095818893165093
Semantic_Similarity: 0.8537245443058376
bleu_1: 0.5139929232035279
bleu_2: 0.43356360541794325
bleu_3: 0.39023373901901937
bleu_4: 0.361863170432332
rouge_l: 0.48022992044080964
############################
