QnA Metrics
{'testlen': 947492, 'reflen': 967411, 'guess': [947492, 891903, 836314, 780725], 'correct': [499400, 337073, 274199, 234224]}
ratio: 0.979409992237011
############################
F1: 0.7095818893165093
bleu_1: 0.5161107087883341
bleu_2: 0.4370282870979908
bleu_3: 0.3943318230602913
bleu_4: 0.3663508198119667
rouge_l: 0.4838700546554779
############################
NLGEN Metrics
{'testlen': 275198, 'reflen': 190207, 'guess': [275198, 258721, 242244, 225767], 'correct': [128096, 92364, 73723, 60389]}
ratio: 1.446834238487535
############################
F1: 1.0
bleu_1: 0.4654684990443228
bleu_2: 0.4076436421979273
bleu_3: 0.3698030076540745
bleu_4: 0.3410375292282897
rouge_l: 0.48687725775803337
############################
