{'reflen': 968014, 'guess': [1008277, 952688, 897099, 841511], 'correct': [459517, 287430, 230273, 196139], 'testlen': 1008277}
ratio: 1.0415934067069266
############################
F1: 0.7095818893165093
Semantic_Similarity: 0.8392152889099158
bleu_1: 0.4557448002880156
bleu_2: 0.3708101054459342
bleu_3: 0.3280212074554419
bleu_4: 0.3011636014943395
rouge_l: 0.42908528121585116
############################
