{'correct': [132429, 63444, 44955, 35856], 'reflen': 815399, 'guess': [367409, 312947, 267146, 231387], 'testlen': 367409}
ratio: 0.4505879943438728
############################
F1: 0.7493034870362599
Semantic_Similarity: 0.6823486885096277
bleu_1: 0.1064849783870156
bleu_2: 0.07986041715849203
bleu_3: 0.06818923805556777
bleu_4: 0.061724326336853284
rouge_l: 0.2396490278397238
############################
