set()
{'correct': [396772, 220146, 165866, 135177], 'reflen': 967591, 'testlen': 1010415, 'guess': [1010415, 954826, 899237, 843648]}
ratio: 1.044258369497028
############################
F1: 0.7095818893165093
Semantic_Similarity: 0.8018676700438279
bleu_1: 0.3926822147335497
bleu_2: 0.30089425591060304
bleu_3: 0.25560558121174326
bleu_4: 0.22743805359897806
rouge_l: 0.36692201668766283
############################
