{'correct': [299865, 113155, 71816, 52904], 'testlen': 1039719, 'guess': [1039719, 984130, 928542, 872958], 'reflen': 967584}
ratio: 1.0745516668320259
############################
F1: 0.7095818893165093
Semantic_Similarity: 0.7800916023035669
bleu_1: 0.28840965683997283
bleu_2: 0.18210234479290763
bleu_3: 0.13688323016760684
bleu_4: 0.11165713340730019
rouge_l: 0.2760121447418688
############################
