{'reflen': 967779, 'testlen': 1025708, 'guess': [1025708, 970119, 914532, 858953], 'correct': [433610, 250847, 191450, 156105]}
ratio: 1.0598576741177468
############################
F1: 0.7095818893165093
Semantic_Similarity: 0.8272152926800131
bleu_1: 0.4227421449379351
bleu_2: 0.33062045850504534
bleu_3: 0.28390430020022833
bleu_4: 0.2539456811593256
rouge_l: 0.3982317208019407
############################
