{'reflen': 967127, 'testlen': 944682, 'correct': [528542, 385340, 329406, 292025], 'guess': [944682, 889093, 833520, 780786]}
ratio: 0.9767920862513393
############################
F1: 0.7095818893165093
Semantic_Similarity: 0.8549390027507268
bleu_1: 0.5463555041983729
bleu_2: 0.480869068162362
bleu_3: 0.44687240918604954
bleu_4: 0.4248934385746595
rouge_l: 0.5200697205198197
############################
