############################

F1: 0.7095818893165093

Semantic_Similarity: 0.7466181770106394

bleu_1: 0.1556241138789835

bleu_2: 0.12751284783765937

bleu_3: 0.11325351369672118

bleu_4: 0.10409884295564752

rouge_l: 0.298170532420308

############################
