{'testlen': 15775, 'guess': [15775, 15148, 14521, 13894], 'correct': [6302, 4389, 3649, 3212], 'reflen': 11605}
ratio: 1.3593278759154364
############################
F1: 0.7803360298693218
Semantic_Similarity: 0.728026456060735
bleu_1: 0.3994928684627322
bleu_2: 0.34021985696739576
bleu_3: 0.3075380699017916
bleu_4: 0.28635925497173065
rouge_l: 0.3994127199678661
############################
