{'reflen': 11605, 'testlen': 17200, 'correct': [8343, 6507, 5629, 5026], 'guess': [17200, 16510, 15820, 15130]}
ratio: 1.4821197759585107
############################
F1: 0.9471516815374057
Semantic_Similarity: 0.8287208195617574
bleu_1: 0.4850581395348555
bleu_2: 0.4372338379751149
bleu_3: 0.408210432724236
bleu_4: 0.38771175091589055
rouge_l: 0.5387404344003974
############################
