{'guess': [12549, 11923, 11297, 10671], 'testlen': 12549, 'reflen': 11605, 'correct': [5887, 4126, 3395, 2937]}
ratio: 1.0813442481687996
############################
F1: 0.7909033480732787
Semantic_Similarity: 0.7299773546819291
bleu_1: 0.4691210455015962
bleu_2: 0.40291579989480003
bleu_3: 0.36539989258743694
bleu_4: 0.34040898776131717
rouge_l: 0.4266926543276559
############################
