{'correct': [5784, 3809, 2973, 2471], 'guess': [13825, 13204, 12583, 11962], 'reflen': 11605, 'testlen': 13825}
ratio: 1.1912968548038612
############################
F1: 0.7961538461538461
Semantic_Similarity: 0.7274738180454803
bleu_1: 0.4183725135623567
bleu_2: 0.34740358888699086
bleu_3: 0.30551070892714804
bleu_4: 0.2770365468768996
rouge_l: 0.39914368653462023
############################
