{'testlen': 11453, 'correct': [5622, 4011, 3370, 2956], 'guess': [11453, 10843, 10233, 9623], 'reflen': 11605}
ratio: 0.9869021973286526
############################
F1: 0.7865892972275952
Semantic_Similarity: 0.7133941246421699
bleu_1: 0.4844040706652108
bleu_2: 0.4205073545527287
bleu_3: 0.3858958493180567
bleu_4: 0.36329558273570445
rouge_l: 0.4192300522640007
############################
