{'guess': [8155, 7686, 7217, 6748], 'testlen': 8155, 'correct': [4247, 3062, 2594, 2288], 'reflen': 11605}
ratio: 0.7027143472640497
############################
F1: 0.7232074016962221
Semantic_Similarity: 0.5504587139774532
bleu_1: 0.3411367941584103
bleu_2: 0.2983677086962647
bleu_3: 0.275716267743648
bleu_4: 0.2612068710395804
rouge_l: 0.3320295284507772
############################
