############################
F1: 0.7095818893165093
Semantic_Similarity: 0.8259431107354682
bleu_1: 0.4629077952042987
bleu_2: 0.39378928028225757
bleu_3: 0.35900057394688883
bleu_4: 0.33682133588739493
rouge_l: 0.43590434746403356
############################
