{'guess': [993528, 937939, 885708, 836981], 'correct': [458383, 313099, 264089, 233135], 'reflen': 967393, 'testlen': 993528}
ratio: 1.0270159077024528
############################
F1: 0.7095818893165093
Semantic_Similarity: 0.8165301684474555
bleu_1: 0.4613689800388107
bleu_2: 0.39244404084544954
bleu_3: 0.3581006209774531
bleu_4: 0.33629992871134573
rouge_l: 0.4235674431006635
############################
