{'guess': [891238, 835649, 783580, 736148], 'testlen': 891238, 'correct': [408639, 275756, 232704, 206075], 'reflen': 967062}
ratio: 0.9215934448877104
############################
F1: 0.7095818893165093
Semantic_Similarity: 0.7840464644378006
bleu_1: 0.4211119593181056
bleu_2: 0.3572523161054255
bleu_3: 0.3265181721394307
bleu_4: 0.30758023537742357
rouge_l: 0.38630445730347784
############################
