{'testlen': 792544, 'reflen': 966498, 'guess': [792544, 736955, 681366, 625777], 'correct': [397420, 236581, 181493, 148981]}
ratio: 0.8200161821338473
############################
F1: 0.7095818893165093
Semantic_Similarity: 0.8328637485421752
bleu_1: 0.4026278881311984
bleu_2: 0.32215148050080994
bleu_3: 0.28103413073048134
bleu_4: 0.25522105602103384
rouge_l: 0.4194795597723766
############################
