{'reflen': 966363, 'correct': [360550, 196517, 144581, 115183], 'testlen': 770547, 'guess': [770547, 714958, 659369, 603780]}
ratio: 0.7973680697626039
############################
F1: 0.7095818893165093
Semantic_Similarity: 0.8232002641434392
bleu_1: 0.36291160965204194
bleu_2: 0.27814898305255176
bleu_3: 0.23607901396358558
bleu_4: 0.21005309090734514
rouge_l: 0.3882908374146678
############################
