{'reflen': 966397, 'guess': [784684, 729095, 673506, 617917], 'correct': [348567, 185820, 137582, 111061], 'testlen': 784684}
ratio: 0.8119685802004757
############################
F1: 0.7095818893165093
Semantic_Similarity: 0.813930832967522
bleu_1: 0.35238696553753535
bleu_2: 0.26691824957518046
bleu_3: 0.2260138309751735
bleu_4: 0.201426317357368
rouge_l: 0.36793121213484065
############################
