############################
F1: 0.7095818893165093
Semantic_Similarity: 0.7915894537289949
bleu_1: 0.29770928840392863
bleu_2: 0.20485668855514544
bleu_3: 0.1630760008503961
bleu_4: 0.13893565233872227
rouge_l: 0.3134595703867122
############################
