############################
F1: 0.7095818893165093
Semantic_Similarity: 0.7914868461256873
bleu_1: 0.2971215509628036
bleu_2: 0.20467810642183396
bleu_3: 0.16303034121368826
bleu_4: 0.13896278983057492
rouge_l: 0.31317124918199274
############################
