############################
F1: 0.7095818893165093
Semantic_Similarity: 0.7846768812384933
bleu_1: 0.31748056509978284
bleu_2: 0.21650659907327702
bleu_3: 0.17094015954271038
bleu_4: 0.14458339761339917
rouge_l: 0.3089951704801525
########################
