{'guess': [696847, 641258, 591964, 547366], 'testlen': 696847, 'reflen': 965426, 'correct': [448453, 317989, 264707, 229893]}
ratio: 0.7218026032031448
############################
F1: 0.7095818893165093
Semantic_Similarity: 0.8473525047226449
bleu_1: 0.4377171641164115
bleu_2: 0.38423195255913195
bleu_3: 0.3554324330584435
bleu_4: 0.3365373672392136
rouge_l: 0.5220013012289701
############################
