{'reflen': 966637, 'guess': [841284, 785695, 730106, 674517], 'testlen': 841284, 'correct': [476067, 322924, 263068, 225001]}
ratio: 0.8703205029395721
############################
F1: 0.7095818893165093
Semantic_Similarity: 0.8548996105867851
bleu_1: 0.4875449940757339
bleu_2: 0.41550393800662916
bleu_3: 0.3770282413429478
bleu_4: 0.3522902404954907
rouge_l: 0.48915609778163116
############################
