############################
F1: 0.7095818893165093
Semantic_Similarity: 0.8362974420946032
bleu_1: 0.41662219563696257
bleu_2: 0.3260460651726391
bleu_3: 0.2812807688901893
bleu_4: 0.25380917392969593
rouge_l: 0.4198148424447861
############################
