{'correct': [474735, 320312, 260519, 222618], 'testlen': 850522, 'guess': [850522, 794933, 739344, 683755], 'reflen': 966772}
ratio: 0.8797544819254168
############################
F1: 0.7095818893165093
Semantic_Similarity: 0.8534592660236906
bleu_1: 0.4868621318323337
bleu_2: 0.4136609148091191
bleu_3: 0.37466291479793823
bleu_4: 0.3495872181043374
rouge_l: 0.48419001974924836
############################
