{'testlen': 685917, 'reflen': 965374, 'correct': [436820, 310851, 259362, 225591], 'guess': [685917, 630683, 582261, 539152]}
ratio: 0.7105194463492898
############################
F1: 0.7247605301141583
Semantic_Similarity: 0.83292867525164
bleu_1: 0.42373101115724493
bleu_2: 0.3727737714030885
bleu_3: 0.34533946648255087
bleu_4: 0.3272292544726867
rouge_l: 0.5092799763427468
############################
