{'guess': [917956, 862404, 810638, 764757], 'testlen': 917956, 'correct': [443743, 317335, 271871, 242482], 'reflen': 967433}
ratio: 0.9488574402568436
############################
F1: 0.7093042556723146
Semantic_Similarity: 0.7931545858357618
bleu_1: 0.4580380632760855
bleu_2: 0.39962288494231807
bleu_3: 0.3702339004778471
bleu_4: 0.351393826922878
rouge_l: 0.4191124147613221
############################
