{'testlen': 598011, 'guess': [598011, 556363, 517452, 483669], 'reflen': 966196, 'correct': [322391, 236677, 202737, 180303]}
ratio: 0.6189334255161472
############################
F1: 0.7436412495201363
Semantic_Similarity: 0.5992290873262556
bleu_1: 0.29126356255117686
bleu_2: 0.25873083886447334
bleu_3: 0.24198619263845783
bleu_4: 0.23113180985039702
rouge_l: 0.3330476903566438
############################
