set()
{'testlen': 953680, 'correct': [463265, 337332, 290522, 259917], 'reflen': 967765, 'guess': [953680, 898106, 845764, 799395]}
ratio: 0.9854458468739817
############################
F1: 0.7095752964754841
Semantic_Similarity: 0.7951167784234866
bleu_1: 0.47864406085424493
bleu_2: 0.42088576600513616
bleu_3: 0.39139450316665714
bleu_4: 0.37228524238949473
rouge_l: 0.43183164136327357
############################
