QnA Metrics
{'testlen': 664147, 'reflen': 966117, 'guess': [664147, 608558, 556447, 509973], 'correct': [388099, 279079, 235513, 206468]}
ratio: 0.6874395130196439
############################
F1: 0.7095818893165093
bleu_1: 0.370865251052294
bleu_2: 0.3285410040269477
bleu_3: 0.3072104784346219
bleu_4: 0.29379058164819255
rouge_l: 0.44101025096439433
############################
NLGEN Metrics
{'testlen': 187092, 'reflen': 187595, 'guess': [187092, 170615, 155357, 142210], 'correct': [71581, 47833, 38376, 32742]}
ratio: 0.9973186918627842
############################
F1: 1.0
bleu_1: 0.3815706269627212
bleu_2: 0.3266321040677344
bleu_3: 0.29732151429560105
bleu_4: 0.27872223572511157
rouge_l: 0.27148442120142247
############################
