{'guess': [706078, 650489, 596607, 542967], 'correct': [341597, 200423, 148890, 119237], 'reflen': 966003, 'testlen': 706078}
ratio: 0.7309273366645851
############################
F1: 0.7095818893165093
Semantic_Similarity: 0.8097972297182121
bleu_1: 0.3348009560978673
bleu_2: 0.2671836056454498
bleu_3: 0.23101528011612055
bleu_4: 0.20805169657871195
rouge_l: 0.36524240282797776
############################
