{'reflen': 967237, 'testlen': 974025, 'correct': [521233, 358547, 294813, 253945], 'guess': [974025, 918436, 862847, 807258]}
ratio: 1.0070179283877674
############################
F1: 0.7095818893165093
Semantic_Similarity: 0.8574112253350907
bleu_1: 0.535133081799748
bleu_2: 0.45706661124227593
bleu_3: 0.41481769794997886
bleu_4: 0.387101438274397
rouge_l: 0.49605705975696474
############################
