{'testlen': 952803, 'guess': [952803, 897214, 845085, 796690], 'reflen': 967306, 'correct': [526032, 380088, 321243, 282292]}
ratio: 0.9850068127355759
############################
F1: 0.7095818893165093
Semantic_Similarity: 0.8552944674522038
bleu_1: 0.5437490063973477
bleu_2: 0.4763081476697624
bleu_3: 0.43957492395288406
bleu_4: 0.4149295264505863
rouge_l: 0.5252483839613665
############################
