{'testlen': 939266, 'correct': [502122, 340064, 276920, 236566], 'reflen': 967122, 'guess': [939266, 883677, 828089, 772503]}
ratio: 0.9711970154747788
############################
F1: 0.7095818893165093
Semantic_Similarity: 0.8540733698246091
bleu_1: 0.5189681314113511
bleu_2: 0.440315444769785
bleu_3: 0.3977788877959499
bleu_4: 0.36984891178764434
rouge_l: 0.4857348449436595
############################
