############################
F1: 0.7095818893165093
Semantic_Similarity: 0.8482402883150592
bleu_1: 0.5206486418217148
bleu_2: 0.45274435734638163
bleu_3: 0.41611863464023296
bleu_4: 0.39172929363620346
rouge_l: 0.5062819680354662
############################
