{'correct': [501955, 358406, 301413, 263942], 'testlen': 906241, 'reflen': 967231, 'guess': [906241, 850652, 798802, 750812]}
ratio: 0.9369437083798999
############################
F1: 0.7095818893165093
Semantic_Similarity: 0.8452678260715708
bleu_1: 0.5178369888706446
bleu_2: 0.4516418749536921
bleu_3: 0.4159371802834828
bleu_4: 0.39215533679789427
rouge_l: 0.5073660658227492
############################
