{'testlen': 955387, 'correct': [523645, 376979, 318224, 279412], 'reflen': 967262, 'guess': [955387, 899798, 847674, 799105]}
ratio: 0.9877230781318804
############################
F1: 0.7095818893165093
Semantic_Similarity: 0.8537358730368866
bleu_1: 0.5413268420559264
bleu_2: 0.4732785403694933
bleu_3: 0.43629463656729783
bleu_4: 0.41152449375257893
rouge_l: 0.5214831879022708
############################
