{'reflen': 968120, 'testlen': 1075391, 'correct': [498581, 326127, 266241, 229227], 'guess': [1075391, 1019802, 964213, 908624]}
ratio: 1.110803412800065
############################
F1: 0.7095818893165093
Semantic_Similarity: 0.8464310462811799
bleu_1: 0.46362764799035844
bleu_2: 0.3850526454113185
bleu_3: 0.34465193838566704
bleu_4: 0.3187909146179531
rouge_l: 0.4496960483153545
############################

