{'correct': [244488, 88999, 62116, 51745], 'testlen': 1054157, 'guess': [1054157, 998568, 946468, 899179], 'reflen': 967492}
ratio: 1.0895769680782879
############################
F1: 0.7095818893165093
Semantic_Similarity: 0.7180199068849699
bleu_1: 0.23192750226009956
bleu_2: 0.1437738381142827
bleu_3: 0.11070122493236213
bleu_4: 0.0939982739222159
rouge_l: 0.20442339628480635
############################
