{'testlen': 849433, 'guess': [849433, 793844, 742054, 696385], 'correct': [447502, 325943, 279653, 249259], 'reflen': 967187}
ratio: 0.8782510517614475
############################
F1: 0.7095818893165093
Semantic_Similarity: 0.7971697880086921
bleu_1: 0.4586285522800868
bleu_2: 0.40488474008762876
bleu_3: 0.3774684654373315
bleu_4: 0.35979877139133454
rouge_l: 0.4359140371978949
############################
