############################
F1: 0.7095818893165093
bleu_1: 0.42463379637171206
bleu_2: 0.36320224415306335
bleu_3: 0.33330937374670194
bleu_4: 0.31458904807587423
rouge_l: 0.42102039774427835
############################
