############################
F1: 0.7095818893165093
Semantic_Similarity: 0.8121501160710702
bleu_1: 0.44439231434647325
bleu_2: 0.3813260027443301
bleu_3: 0.35038842138287957
bleu_4: 0.33101409413514504
rouge_l: 0.4366279861059351
############################