{'testlen': 682838, 'guess': [682838, 627249, 574090, 524907], 'correct': [318596, 207998, 175972, 155970], 'reflen': 965971}
ratio: 0.7068928570319392
############################
F1: 0.7095818893165093
Semantic_Similarity: 0.7534752127384321
bleu_1: 0.30820955923033855
bleu_2: 0.25983304117363976
bleu_3: 0.23910680482563873
bleu_4: 0.2275959322274267
rouge_l: 0.32072457662464093
############################
