{'testlen': 250555, 'guess': [250555, 194966, 139693, 85271], 'correct': [71545, 19443, 16457, 14668], 'reflen': 964322}
ratio: 0.2598250376948776
############################
F1: 0.7095818893165093
Semantic_Similarity: 0.6409596384410228
bleu_1: 0.01653798167505879
bleu_2: 0.009773420768250857
bleu_3: 0.00867012123046105
bleu_4: 0.008976619916268134
rouge_l: 0.11589130122979424
############################

