{'correct': [106547, 73233, 58493, 48616], 'reflen': 189475, 'testlen': 265748, 'guess': [265748, 249271, 233208, 217890]}
ratio: 1.4025491489642359
############################
F1: 1.0
Semantic_Similarity: 0.6205836280709319
bleu_1: 0.4009324623327348
bleu_2: 0.3432046357650712
bleu_3: 0.3091402692153095
bleu_4: 0.2849391777427921
rouge_l: 0.3940758254584349
############################
