{'testlen': 290923, 'reflen': 190654, 'guess': [290923, 274446, 257969, 241492], 'correct': [130186, 93410, 74722, 61506]}
ratio: 1.5259213024641418
############################
F1: 1.0
Semantic_Similarity: 0.6691184322395749
bleu_1: 0.4474929792419285
bleu_2: 0.39026656539808013
bleu_3: 0.353346846765015
bleu_4: 0.3255776611103885
rouge_l: 0.4807330392082846
############################
