{'testlen': 270344, 'correct': [126399, 91086, 72782, 59609], 'guess': [270344, 253867, 237390, 220913], 'reflen': 189961}
ratio: 1.4231552792415212
############################
F1: 1.0
Semantic_Similarity: 0.6687149981913034
bleu_1: 0.46754875270026164
bleu_2: 0.4095775475761172
bleu_3: 0.3718872444520148
bleu_4: 0.34322672989465214
rouge_l: 0.4837491537214927
############################
