{'correct': [129171, 93104, 74630, 61513], 'reflen': 190333, 'guess': [288420, 271943, 255466, 238989], 'testlen': 288420}
ratio: 1.5153441599722512
############################
F1: 1.0
Semantic_Similarity: 0.6683034545797467
bleu_1: 0.4478572914499673
bleu_2: 0.39157508639181365
bleu_3: 0.3551431803087944
bleu_4: 0.3276799424171506
rouge_l: 0.4811866011401365
############################
