{'correct': [125762, 90073, 72651, 60367], 'reflen': 190460, 'testlen': 291646, 'guess': [291646, 275169, 258725, 242323]}
ratio: 1.5312716580909298
############################
F1: 1.0
Semantic_Similarity: 0.6608063777009177
bleu_1: 0.43121455463129815
bleu_2: 0.37570265713519696
bleu_3: 0.3409551421521147
bleu_4: 0.3152275544254354
rouge_l: 0.46412537087501554
############################
