{'guess': [221894, 205417, 188940, 172463], 'correct': [96603, 59782, 43529, 32738], 'testlen': 221894, 'reflen': 188305}
ratio: 1.1783755078197542
############################
F1: 1.0
Semantic_Similarity: 0.6470056965387878
bleu_1: 0.43535652158237526
bleu_2: 0.3559504581135004
bleu_3: 0.307901140219296
bleu_4: 0.2728333935497688
rouge_l: 0.41105355386601244
############################
