{'testlen': 277946, 'correct': [127587, 91643, 73106, 59778], 'reflen': 190500, 'guess': [277946, 261469, 244992, 228515]}
ratio: 1.4590341207349005
############################
F1: 1.0
Semantic_Similarity: 0.6678124938982729
bleu_1: 0.4590352082778653
bleu_2: 0.40110912738495486
bleu_3: 0.36344782097503403
bleu_4: 0.3347635918672321
rouge_l: 0.4844232921058137
############################
