{'guess': [275520, 259043, 242566, 226089], 'reflen': 190302, 'correct': [127351, 91566, 73076, 59840], 'testlen': 275520}
ratio: 1.4478040167733317
############################
F1: 1.0
Semantic_Similarity: 0.6675194934642722
bleu_1: 0.4622205284552829
bleu_2: 0.40420883857784834
bleu_3: 0.3664815796020307
bleu_4: 0.3378447316843295
rouge_l: 0.48454149105738353
############################
