{'correct': [125433, 89726, 71482, 58550], 'guess': [278159, 261682, 245205, 228729], 'testlen': 278159, 'reflen': 190255}
ratio: 1.4620325352815882
############################
F1: 1.0
Semantic_Similarity: 0.6631337309608799
bleu_1: 0.4509399300400115
bleu_2: 0.39321635672603344
bleu_3: 0.35588540230499677
bleu_4: 0.3277434702989042
rouge_l: 0.4736531816826598
############################
