{'testlen': 275198, 'guess': [275198, 258721, 242244, 225767], 'reflen': 190206,
 'correct': [128073, 92339, 73698, 60364]}
ratio: 1.4468418451573481
############################
F1: 1.0
bleu_1: 0.46538492285554234
bleu_2: 0.40755187689823086
bleu_3: 0.36970570820924986
bleu_4: 0.3409349344065102
rouge_l: 0.48682667302205906
############################
