{'correct': [118525, 80447, 63192, 51365], 'testlen': 297221, 'guess': [297221, 280744, 264267, 247790], 'reflen': 190723}
ratio: 1.5583909649072134
############################
F1: 1.0
Semantic_Similarity: 0.6562790244379061
bleu_1: 0.3987773407666336
bleu_2: 0.3380375313031166
bleu_3: 0.30119632575608646
bleu_4: 0.2743362080776535
rouge_l: 0.438947849821193
############################
