{'guess': [152045, 126961, 105959, 90548], 'reflen': 360446, 'correct': [55710, 26017, 17433, 13533], 'testlen': 152045}
ratio: 0.421824628377065
############################
F1: 1.0
Semantic_Similarity: 0.5920975079417357
bleu_1: 0.0930451620180844
bleu_2: 0.0695835737472963
bleu_3: 0.05870298337902657
bleu_4: 0.05263893938502236
rouge_l: 0.1691266922061563
############################
