set()
{'correct': [102746, 61271, 44013, 33194], 'reflen': 190137, 'testlen': 295965, 'guess': [295965, 279488, 263011, 246534]}
ratio: 1.5565881443380218
############################
F1: 1.0
Semantic_Similarity: 0.6287199647549092
bleu_1: 0.3471559137060114
bleu_2: 0.2758723568324428
bleu_3: 0.23352917399529557
bleu_4: 0.2034939721928541
rouge_l: 0.38184851015215493
############################
