{'guess': [302707, 286230, 269753, 253276], 'reflen': 189312, 'testlen': 302707, 'correct': [85761, 41774, 27059, 18604]}
ratio: 1.5989847447599645
############################
F1: 1.0
Semantic_Similarity: 0.6215244591800232
bleu_1: 0.28331356724489265
bleu_2: 0.2033429604493227
bleu_3: 0.1606699213883181
bleu_4: 0.13211557185398004
rouge_l: 0.3221825909520974
############################
