{'testlen': 292794, 'guess': [292794, 276317, 259840, 243364], 'reflen': 190455, 'correct': [109938, 67779, 50031, 38523]}
ratio: 1.5373395290225957
############################
F1: 1.0
Semantic_Similarity: 0.6460380319886083
bleu_1: 0.375479005717329
bleu_2: 0.30348456324609624
bleu_3: 0.26077670626858795
bleu_4: 0.23017997480872424
rouge_l: 0.40066149527817696
############################
