{'reflen': 189501, 'correct': [90980, 61304, 49904, 42736], 'guess': [245942, 229465, 212994, 197810], 'testlen': 245942}
ratio: 1.2978401169386902
############################
F1: 1.0
Semantic_Similarity: 0.5795863078822124
bleu_1: 0.3699246163729645
bleu_2: 0.31437123127409183
bleu_3: 0.28502603188396197
bleu_4: 0.26594988196422625
rouge_l: 0.32834441455700714
############################
