############################
F1: 1.0

Semantic_Similarity: 0.5291498799551398

bleu_1: 0.10837243623937001

bleu_2: 0.08552084078317031

bleu_3: 0.07309469323658141

bleu_4: 0.06504928685780596

rouge_l: 0.21036523899056866
############################
