{'correct': [2336, 1485, 1109, 883], 'testlen': 4467, 'reflen': 4044, 'guess': [4467, 4243, 4019, 3795]}
ratio: 1.1045994065279168
############################
F1: 0.9352818371607515
Semantic_Similarity: 0.8242103208453488
bleu_1: 0.5229460488022111
bleu_2: 0.4278141589806794
bleu_3: 0.369636301328933
bleu_4: 0.3292442452327569
rouge_l: 0.5190989807016676
############################
