{'correct': [1688, 1171, 948, 797], 'testlen': 2853, 'reflen': 4044, 'guess': [2853, 2689, 2525, 2361]}
ratio: 0.705489614243149
############################
F1: 0.7828162291169452
Semantic_Similarity: 0.6030680432219058
bleu_1: 0.38973744432265006
bleu_2: 0.3343642556228398
bleu_3: 0.30238671134873846
bleu_4: 0.28001930638353784
rouge_l: 0.40738407024987067
############################
