{'guess': [5642, 5393, 5144, 4895], 'correct': [2992, 2146, 1764, 1506], 'reflen': 4044, 'testlen': 5642}
ratio: 1.3951533135505947
############################
F1: 0.988095238095238
Semantic_Similarity: 0.9233552574808952
bleu_1: 0.5303084012760492
bleu_2: 0.45937134647091343
bleu_3: 0.4167175667332085
bleu_4: 0.38627751187841636
rouge_l: 0.6321053777142213
############################
