{'guess': [5201, 4980, 4759, 4538], 'correct': [2335, 1476, 1149, 963], 'reflen': 4044, 'testlen': 5201}
ratio: 1.2861028684467641
############################
F1: 0.9285714285714286
Semantic_Similarity: 0.8029589617534103
bleu_1: 0.4489521245913384
bleu_2: 0.3647779034628544
bleu_3: 0.3178975078215739
bleu_4: 0.2873464204150111
rouge_l: 0.47186312511902906
############################
