{'guess': [3798, 3578, 3358, 3138], 'correct': [2202, 1471, 1156, 957], 'testlen': 3798, 'reflen': 4044}
ratio: 0.9391691394656432
############################
F1: 0.9263157894736842
Semantic_Similarity: 0.8014439108198756
bleu_1: 0.5434163434519265
bleu_2: 0.4576017608793449
bleu_3: 0.40729363134558577
bleu_4: 0.37278896608486034
rouge_l: 0.5147203367253769
############################
