{'correct': [2351, 1577, 1234, 1010], 'testlen': 4407, 'reflen': 4044, 'guess': [4407, 4181, 3955, 3729]}
ratio: 1.0897626112756948
############################
F1: 0.9397089397089397
Semantic_Similarity: 0.8276838859553529
bleu_1: 0.5334694803720141
bleu_2: 0.44857033800015367
bleu_3: 0.39744459212759814
bleu_4: 0.36111014669312824
rouge_l: 0.5329726790544453
############################
