{'correct': [75171, 47025, 37773, 32499], 'guess': [244201, 227724, 212222, 198432], 'testlen': 244201, 'reflen': 189192}
ratio: 1.2907575373165816
############################
F1: 1.0
Semantic_Similarity: 0.5350337711386364
bleu_1: 0.30782429228381414
bleu_2: 0.25212240726708557
bleu_3: 0.22449395713542694
bleu_4: 0.2074760941219877
rouge_l: 0.24656742525730424
############################
