{'correct': [106847, 70025, 52638, 41043], 'guess': [234903, 218426, 201949, 185472], 'reflen': 188676, 'testlen': 234903}
ratio: 1.2450073141257965
############################
F1: 1.0
Semantic_Similarity: 0.6547820425865085
bleu_1: 0.4548558341102478
bleu_2: 0.3818662506770426
bleu_3: 0.33622247622727974
bleu_4: 0.3028379114581483
rouge_l: 0.43713803574545473
############################
