{'guess': [230832, 214355, 197878, 181401], 'correct': [100651, 62693, 45642, 34453], 'testlen': 230832, 'reflen': 188491}
ratio: 1.2246314147625021
############################
F1: 1.0
Semantic_Similarity: 0.6498390908609576
bleu_1: 0.43603573161433234
bleu_2: 0.357111434984317
bleu_3: 0.3086916551595705
bleu_4: 0.2733949629726395
rouge_l: 0.4172299041780429
############################
