{'guess': [232412, 215935, 199458, 182981], 'reflen': 188445, 'correct': [91547, 51234, 35858, 26856], 'testlen': 232412}
ratio: 1.2333147602748749
############################
F1: 1.0
Semantic_Similarity: 0.6376724612794344
bleu_1: 0.3938996265253068
bleu_2: 0.3057105285965403
bleu_3: 0.25612489790202014
bleu_4: 0.22284232532162573
rouge_l: 0.37222333270537694
############################
