############################
F1: 1.0
Semantic_Similarity: 0.6253992353303862
bleu_1: 0.3494343834411331
bleu_2: 0.26777560282043444
bleu_3: 0.22103117203745434
bleu_4: 0.18798005585739816
rouge_l: 0.3609384308764498
############################
