############################
F1: 1.0
Semantic_Similarity: 0.6313673953995016
bleu_1: 0.37615052431423174
bleu_2: 0.2898674495428999
bleu_3: 0.2405445562608914
bleu_4: 0.2058332633360503
rouge_l: 0.3657484413504915
############################
