############################
F1: 1.0
Semantic_Similarity: 0.6313671594341826
bleu_1: 0.3763187931550767
bleu_2: 0.29025792362145064
bleu_3: 0.24098164288258822
bleu_4: 0.20627809066237895
rouge_l: 0.3654995681816213
############################
