{'testlen': 245238, 'reflen': 189337, 'correct': [122933, 89492, 71586, 58577], 'guess': [245238, 228761, 212284, 195807]}
ratio: 1.2952460427702917
############################
F1: 1.0
Semantic_Similarity: 0.6707535975508983
bleu_1: 0.501280388846751
bleu_2: 0.44283452327449774
bleu_3: 0.4043876886497522
bleu_4: 0.3750361847929934
rouge_l: 0.4960799005328349
############################
