{'guess': [191175, 174698, 160218, 147867], 'testlen': 191175, 'correct': [76215, 52596, 42515, 36187], 'reflen': 188272}
ratio: 1.0154191807597466
############################
F1: 1.0
Semantic_Similarity: 0.5265569406484659
bleu_1: 0.39866614358571784
bleu_2: 0.34644721090651154
bleu_3: 0.31698229492543656
bleu_4: 0.2971300552182507
rouge_l: 0.2852602494659048
############################
