{'correct': [122689, 88764, 70806, 57784], 'guess': [247216, 230739, 214262, 197785], 'reflen': 189248, 'testlen': 247216}
ratio: 1.3063070679742914
############################
F1: 1.0
Semantic_Similarity: 0.6699323010015658
bleu_1: 0.4962826030677606
bleu_2: 0.4369406546879955
bleu_3: 0.3980979478103387
bleu_4: 0.368464809577944
rouge_l: 0.49192514137143034
############################
