{'testlen': 185476, 'reflen': 187742, 'correct': [68760, 46456, 37729, 32417], 'guess': [185476, 169079, 154840, 142936]}
ratio: 0.9879302446975052
############################
F1: 0.9975664659001034
Semantic_Similarity: 0.5070423771894246
bleu_1: 0.3662201853340823
bleu_2: 0.31527844215127687
bleu_3: 0.2881541895859277
bleu_4: 0.2705827060333921
rouge_l: 0.25659337281267364
############################
