############################
F1: 1.0
Semantic_Similarity: 0.6597623096453586
bleu_1: 0.4540688332130893
bleu_2: 0.37871581415791533
bleu_3: 0.3328077104318461
bleu_4: 0.29957160324221294
rouge_l: 0.4469261288689841
############################
