{'testlen': 171138, 'guess': [171138, 158269, 146332, 136269], 'reflen': 187048, 'correct': [57717, 39614, 32315, 27937]}
ratio: 0.9149416192634997
############################
F1: 0.8770530907108295
Semantic_Similarity: 0.4452324839844156
bleu_1: 0.3073142615750746
bleu_2: 0.2647466576773647
bleu_3: 0.24161121018779866
bleu_4: 0.22656344501105763
rouge_l: 0.25192519927558626
############################
