{'correct': [80282, 52969, 43018, 37175], 'reflen': 189155, 'testlen': 249020, 'guess': [249020, 232555, 217328, 204231]}
ratio: 1.3164864793423314
############################
F1: 0.9996357233926295
Semantic_Similarity: 0.5353010209736915
bleu_1: 0.32239177576098177
bleu_2: 0.27098173774647266
bleu_3: 0.24404590585934907
bleu_4: 0.22679630414562407
rouge_l: 0.2614647365942904
############################
