set()
{'reflen': 189107, 'testlen': 257314, 'correct': [85273, 57202, 46482, 40150], 'guess': [257314, 240841, 225430, 212119]}
ratio: 1.3606794037238106
############################
F1: 0.9999696537492794
Semantic_Similarity: 0.5412137872395426
bleu_1: 0.3313966593345083
bleu_2: 0.2805527041158506
bleu_3: 0.25318268687148904
bleu_4: 0.2354246849890479
rouge_l: 0.2748014593431998
############################
