{'testlen': 210017, 'reflen': 187769, 'correct': [93451, 61031, 44636, 33729], 'guess': [210017, 193540, 177467, 161467]}
ratio: 1.1184860120680138
############################
F1: 1.0
Semantic_Similarity: 0.6410268737642726
bleu_1: 0.44496874062575675
bleu_2: 0.3745886601361912
bleu_3: 0.3280139426212883
bleu_4: 0.29302127281748996
rouge_l: 0.3916507528714808
############################
