{'correct': [113947, 72321, 54105, 42065], 'testlen': 303677, 'reflen': 190436, 'guess': [303677, 287200, 270723, 254246]}
ratio: 1.594640719191741
############################
F1: 1.0
Semantic_Similarity: 0.6545855923484474
bleu_1: 0.3752243337493443
bleu_2: 0.30738699624966603
bleu_3: 0.26629381315034284
bleu_4: 0.23642178853556398
rouge_l: 0.41689463260714854
############################
