{'guess': [298900, 282423, 265946, 249518], 'correct': [115437, 74184, 55984, 43808], 'reflen': 190254, 'testlen': 298900}
ratio: 1.5710576387355768
############################
F1: 1.0
Semantic_Similarity: 0.6553595324664363
bleu_1: 0.386206088992973
bleu_2: 0.3185038238842622
bleu_3: 0.27743841072550934
bleu_4: 0.24745021041205126
rouge_l: 0.4213520007727447
############################
