{'reflen': 190295, 'correct': [125922, 90248, 71714, 58468], 'testlen': 273450, 'guess': [273450, 256973, 240497, 224023]}
ratio: 1.4369794266796214
############################
F1: 1.0
Semantic_Similarity: 0.6659549796496993
bleu_1: 0.46049369171694843
bleu_2: 0.40214890301810213
bleu_3: 0.3639899171319412
bleu_4: 0.3349449408893489
rouge_l: 0.4792415181636338
############################
