{'guess': [252474, 235997, 220694, 207137], 'reflen': 190046, 'correct': [85678, 57874, 47149, 40540], 'testlen': 252474}
ratio: 1.3284888921629432
############################
F1: 1.0
Semantic_Similarity: 0.5427436587940807
bleu_1: 0.3393537552381618
bleu_2: 0.28847942155394485
bleu_3: 0.26099801979152576
bleu_4: 0.24287590106688267
rouge_l: 0.28175375681349957
############################
