{'guess': [243219, 226742, 211554, 198101], 'reflen': 189598, 'testlen': 243219, 'correct': [83609, 55877, 45386, 38945]}
ratio: 1.282814164706372
############################
F1: 1.0
Semantic_Similarity: 0.5413190980178934
bleu_1: 0.3437601503172024
bleu_2: 0.2910571813889672
bleu_3: 0.2629172626813345
bleu_4: 0.24448689590927566
rouge_l: 0.2789874733164728
############################
