{'correct': [85830, 57944, 47316, 40720], 'guess': [255002, 238525, 223310, 209736], 'testlen': 255002, 'reflen': 189977}
ratio: 1.342278275791273
############################
F1: 1.0
Semantic_Similarity: 0.5418772513668687
bleu_1: 0.33658559540709354
bleu_2: 0.28594667227079607
bleu_3: 0.2587557335292259
bleu_4: 0.24082478616915176
rouge_l: 0.28057724994257555
############################
