{'testlen': 277872, 'reflen': 190287, 'correct': [125768, 89015, 70394, 57236], 'guess': [277872, 261395, 244918, 228441]}
ratio: 1.4602784215421891
############################
F1: 1.0
Semantic_Similarity: 0.6652895668434778
bleu_1: 0.45261127425577086
bleu_2: 0.39259579523473814
bleu_3: 0.3538360480289141
bleu_4: 0.3245826954241387
rouge_l: 0.47386264124162225
############################
