{'testlen': 282538, 'correct': [129624, 93752, 75130, 61671], 'guess': [282538, 266061, 249584, 233107], 'reflen': 190652}
ratio: 1.4819566540083426
############################
F1: 1.0
Semantic_Similarity: 0.6683335355209296
bleu_1: 0.45878430512001767
bleu_2: 0.4020720991402028
bleu_3: 0.3650913198223366
bleu_4: 0.33684689583191496
rouge_l: 0.4871692769761611
############################
