{'correct': [123187, 84767, 66671, 54222], 'testlen': 303242, 'guess': [303242, 286765, 270288, 253811], 'reflen': 190692}
ratio: 1.59021878211985
############################
F1: 1.0
Semantic_Similarity: 0.6605210766089424
bleu_1: 0.40623330541283725
bleu_2: 0.3465278131557389
bleu_3: 0.30940604900084934
bleu_4: 0.28204140740101574
rouge_l: 0.4503872708256418
############################

