{'testlen': 297020, 'correct': [47646, 15182, 9481, 7384], 'guess': [297020, 280543, 265256, 251743], 'reflen': 188880}
ratio: 1.5725328250741128
############################
F1: 1.0
Semantic_Similarity: 0.5055093564129685
bleu_1: 0.16041344017237844
bleu_2: 0.09317194281395028
bleu_3: 0.06769964807275418
bleu_4: 0.054925419106276
rouge_l: 0.14221187587302667
############################
