{'testlen': 231439, 'reflen': 188810, 'guess': [231439, 214962, 199782, 186802], 'correct': [79935, 53925, 43922, 37938]}
ratio: 1.2257772363751855
############################
F1: 1.0
Semantic_Similarity: 0.5329730781930327
bleu_1: 0.3453825846119265
bleu_2: 0.29435027602728575
bleu_3: 0.26706576233614227
bleu_4: 0.24939451006811453
rouge_l: 0.26747700396504087
############################
