############################
F1: 1.0
bleu_1: 0.32076089805188995
bleu_2: 0.2681233463139623
bleu_3: 0.24144642511890932
bleu_4: 0.2246743830989506
rouge_l: 0.24646165658133415
############################
